130899833,15829942,42945404,84320347
53888472,25619539,38243465,61534492
85595783,7749385,26904900,63137409
55072518,-2342593,14439497,55171476
111208655,15806695,34437911,73160039
98122331,21678,28295258,82001262
90297476,11823326,31873490,58796515
102483634,1462589,30521724,82695194
62602931,-6968520,17638034,64129343
95166493,15453123,41154437,50754844
80225349,-5559529,52691569,57015210
130340005,15812486,32267356,94456018
53374619,18810042,14493308,82165558
64370732,-24928059,43392466,58102180
57004070,-13764307,24124561,58839849
97453486,21851808,21141484,75273217
98787268,13601102,13489455,83893012
115291268,13372196,43160194,70954742
73094279,-2967765,18906866,69351367
75382128,-6525581,30552168,63551402
74556466,3567702,32084465,51100238
115142844,16356587,28000589,82981523
128741091,12373965,33414631,95148355
110966944,5675815,41940598,75546408
111903718,33361641,38055449,84319488
107496906,556569,67558221,93037287
79643778,25670236,71637665,60403877
117265695,13975206,33937541,81548926
71056366,2678446,5274452,75299338
57496152,-861183,15437162,55116047
44936694,-21786887,23207116,70191134
124806375,2636990,41964139,92401102
55318966,-4248493,9244876,62518468
79840477,32466985,17286044,72130827
98231249,162127,29754319,80510772
94788285,22728085,3569351,91056502
80085678,14640301,15101600,62539781
83728759,-10490793,15624960,90790478
60776676,6777229,39570115,79530015
67479451,-11294915,27366000,63604231
97871952,3464823,34774779,71828243
87470277,10436919,60890306,56462469
91533637,32869042,54933973,62788711
77324152,6942296,63110400,52030789
109769833,-13264827,45202468,90028350
62586381,20359912,2197735,57858149
120554709,13150026,48647758,74590985
72084438,-15560862,32384960,67456213
113581224,10725621,44520920,70531057
65461029,-15961991,36038136,57580752
101552106,5796577,37400895,70550509
94482618,41962132,40207812,73346552
60950082,-7987829,27251929,53881843
102272304,10040269,31115348,73312662
79719014,-9977916,7608533,94284350
105422931,11809286,72092643,84245083
125601272,12101601,45599749,80095791
65975540,7317850,14189921,56663660
57011415,-10897814,24144418,55960722
83794854,5003049,31697934,59289797
124568617,4604323,33241536,98918613
60863419,-6679422,22378591,57360177
126722177,18675282,67640237,96489841
127346329,15784926,43621811,80135759
73150402,2984335,24806915,57555030
109958403,470516,40645624,81038170
115559400,8658732,49984685,75424008
74196485,-1816612,33541470,54667560
96170110,16087180,42184572,50094234
62309691,2565631,22055288,49884712
140597493,13805461,44060470,94927448
78068911,-14135347,44341333,60059012
72121015,2513811,29673192,52129929
122214908,12377061,25608291,96425620
134618303,13996739,54927871,94088091
77256572,10869100,13744100,64839435
134484377,20415712,45514459,86495197
64798185,14776470,41239055,70558462
111446512,22557029,51423238,68878990
70876928,-2891956,3887552,82077317
86136129,-1052999,45385811,53999252
91272494,13096251,32032558,58339612
86348115,-2468277,43195268,57817112
146090836,15356119,45494837,97436023
103450434,22967717,33362307,70165251
100483537,-3423659,18676833,97426305
113373663,-3628291,42149879,87048031
94937159,10301706,6883970,89947486
49669458,2835483,33962012,62053419
80700698,-8331177,36093870,65133954
102407967,29428675,34787698,74158632
108309521,26847268,43675856,68590475
73991967,-18464099,35991747,68660509
138301137,15071374,44653718,90772096
88811833,2746353,50608684,55212758
65467228,26220270,33802456,89491015
91554815,14038779,28322907,61389089
79075580,-18822382,30328690,79765383
68674986,9556369,52335930,73596364
59624252,-24518929,19389794,76949267
90479708,-36536,40478771,62233491
87375678,5566136,50030494,50378859
118865611,16375910,31076281,83609336
76299542,-11207128,24423185,75279475
106818167,14551335,38858730,65603960
112227141,13999005,49924605,66691354
78578501,-537003,3652532,87658960
98554342,-2187517,29832310,83105501
118883383,10165960,38515565,82397762
59732150,10055142,43627769,65767684
88972879,11732990,28480497,60955352
70878327,312448,20270341,62491483
46653777,10948075,42175971,62299837
87047000,15686162,15119032,68437710
101577810,6984011,13530918,93258749
108658494,23292353,53217981,68620887
83045735,9653531,28446940,57141228
123348475,16432363,26640931,92471038
87424535,13012684,5136081,81472045
116071165,12653995,26130207,89483057
96243545,342391,44916488,63180521
98441235,10984572,52615345,58610565
97146253,1266628,32357428,75718529
134408773,5543633,49918282,97321926
90499405,13452741,34796386,54446266
97451938,18748274,30498118,62811725
92149705,37684657,42955410,63988357
116884265,9045442,39175683,80859006
81347005,4212953,32610174,56719775
109494434,3180407,44519118,73990885
82320749,14017929,18385241,62113497
124283021,31007879,44849979,87550402
65807004,-22903445,41113025,59793382
121326054,41635900,42927094,97144284
94569651,1412273,41163086,64190366
111828319,3460436,37016451,83547395
107910240,16109085,45460431,58536589
101231863,-13676660,31448247,95656162
108622644,25897465,26848100,84781447
57639717,-21805749,41171849,50469908
104364501,5568224,41794172,69197988
70455677,8352963,19289997,55008867
139893684,15933349,45504129,90652136
103580095,10273344,42437379,63065331
73391741,-17867369,45721240,57734011
113927059,8344615,42382313,75396032
86334743,5535892,31119490,61875256
97222742,40541224,31692758,83180626
93864245,4392287,45365129,56302717
107355475,16301747,39516762,63732913
90295576,23849722,34626307,56628583
94625610,-17851494,29100921,95572067
91887041,-17192326,39546341,81729325
123121738,12132453,38601929,84583440
81846207,16465395,45140014,68780312
63209115,20383686,44865437,95818688
79239773,9543966,11482016,70409654
82643075,-13089590,35647563,72281118
75585391,1321342,36409901,50050097
80569532,21581497,43722046,71910968
96432696,14251913,38614313,55762364
110831766,-2971989,34584813,91414808
81348207,716674,40129367,52698021
93022788,11310539,35239473,58668727
114328207,22926996,43957108,70407505
60519608,16121215,27588264,52652813
59872271,15193068,37157671,76568691
116972458,4676306,57870533,88705189
100337285,14882989,44435569,53214586
112621699,14729882,40972103,69115584
54059744,-17987591,12794742,71448991
118147875,13636014,66140600,89191204
95733023,2444067,35138323,70346616
44646992,-17489511,38666270,50724624
146554162,14322154,45638582,98789601
70897065,-16384601,30732573,68745044
58587421,14796726,5551247,50435314
111051010,7023712,65838251,88404070
65081675,6789222,9332348,61156266
115481664,19765552,53793252,72492687
96518188,12705352,33308625,62700132
95818532,-17079675,36420309,88673899
115982220,3000984,35567764,89609432
99166825,6754733,52918767,63869538
89805556,5495681,8580264,87925948
70017755,21076523,17808564,50395350
70372575,-23724392,38749019,67543952
129142159,13523545,45828421,81986055
86751775,3045445,28580219,67322395
74444888,2211841,18961938,65466994
88777308,-7505631,47832254,62653779
96651754,9099871,38198892,61548980
72039397,30143483,26022977,53269509
120379956,-940879,41267827,92249365
55755818,22174699,33662871,52960024
98977117,26709110,38486084,64309615
95585236,-17739643,25959936,99561110
126085513,10256984,50153316,84520359
93368600,-11961528,60843018,84711910
97452508,15681994,11194315,82772298
76721695,12260482,10693649,65963592
76845880,4889177,12586365,71566440
68548906,-366173,17394053,63717047
97044838,9376643,35599238,64264822
92565785,16275817,22133629,66352576
126094846,14181112,38275245,85834762
75624211,-376248,5924963,82271366
91165455,-1163617,12614327,91910785
96155390,14825511,36558542,56967312
132646967,15659360,53281217,88807634
121486855,7538840,41656684,84487803
70052019,-19449586,39578738,62118917
97010989,-17869884,42140180,84936550
65054264,10010518,1791479,65448133
99417951,-4294679,45606611,70301981
78002440,-7852287,15804431,82246201
54731542,10591387,56498222,96560237
111994796,15232176,16179631,92778856
131135771,19768994,43707647,84306613
60777679,1493270,21396199,50084397
99604980,667271,21230208,89903368
74698836,-1470745,61063493,55771582
76108756,28128468,2333284,79013384
81632842,20296271,25632612,53405970
79336213,12538933,21606842,57386297
109004066,34568630,36414307,84267876
92362522,-6027465,17792758,92793114
108009966,15793237,34175801,70236799
114800652,16386415,49367089,66320253
129368364,14464815,31093422,96006040
86582223,-4131499,39910151,62999476
59930425,27790462,44809734,63512328
81649130,-15495228,28498152,80842194
54745784,3658932,26452868,70398015
92423547,10979071,41533357,52107028
88632844,-2468408,22321655,80975599
99457112,14519289,4595193,92538824
66867649,-22126361,27108188,74081705
100471097,-1846471,38446778,76066909
98836323,15267463,51194929,53302692
97877845,13256817,1185733,95631396
102201915,11126539,29890535,73380846
107043209,3330499,70326857,92578112
143067319,15101194,45295126,94866987
79030766,1662236,10271352,79293417
67604761,12068976,7928737,59803392
124454132,506423,45655916,90487727
53381371,33825278,13457433,50858786
69765848,16218378,13020078,52723457
94895469,-6781131,54305450,74520690
91890032,10585851,36467501,57032541
139256264,13161751,44579182,93711217
85390302,-11962078,43321526,66227243
65515061,4901647,52757299,54305860
96928561,10385846,18230078,80508591
123611054,15550584,44017507,76238972
129830590,19291009,45107054,81123972
70867173,35597874,31254715,52319884
106792514,19459095,44320747,59040335
89450641,-16142457,30033124,87755834
56539019,1123655,14742417,52868886
97100830,13709171,29759983,65827532
110541653,-12681071,44306837,91111768
128079456,32549688,49527182,93608389
54087529,-9089755,19680936,55692204
68215369,20912096,40521308,53292517
129163943,8240761,56671192,96133280
94627303,10422841,69677258,72420736
89916203,6949779,51715497,53220541
76903960,-2785164,23964871,67920162
83747090,3517853,35116182,57308914
137372015,13083169,43536532,92948431
84894675,6583253,16906591,73600700
69914694,-5215920,59044046,52713185
70338253,13036861,36706163,82355279
133056319,6475121,44137446,94639936
88000997,16451449,18726120,65019304
62176620,7923625,15358192,51090727
55924847,12604356,51047431,78048467
67373916,-11511546,9092521,81988799
116482227,6638294,52349699,80732135
95766937,37176138,36311859,73740622
103663468,26634340,63521308,77271277
99746832,14803154,16957896,80182024
43981396,9652007,40275318,52797263
66191329,-699556,45729013,78586261
137704189,16039353,45008284,88852446
64470140,8672298,33086637,90993109
81054624,10408349,31544654,51297659
114229101,10744567,58538453,80562176
68081246,-15274996,21454622,74098231
82533915,15917077,22547149,56265755
80684075,-20151848,20134968,92896822
102189779,10005872,24339952,80040229
108771605,29597370,37228299,78250115
86340513,3630075,38321708,56584708
92878992,10406944,44486034,50182315
72861174,-22528960,42359261,65226736
106743731,-4980092,50304127,80566516
72343437,27622938,18046996,59028804
70908464,-2820539,58848768,51116471
111634471,27165660,41475636,74434301
105504441,14172570,17256574,86271211
62196980,-16650263,8239886,82803220
75442048,12832492,42064319,99698004
79634157,-7750278,13478415,86101915
98419497,20249918,43445612,52333665
100797307,-3403673,62803332,85542838
55324118,-23919063,39888727,51550336
53616128,-599140,43078693,52504777
74698115,-7469641,39349203,55014559
111539030,9218707,26639113,87877086
99124784,8530679,45622254,57167757
67558935,6098560,38551221,57793582
92797818,29438033,14035763,85309495
130903310,23225783,44420242,86818364
85790783,11103826,33033424,53849429
105591951,15035393,48331449,57426557
65846934,10693885,32714868,81750023
117247832,11374871,22089912,95979027
98074304,23279574,64281938,69087973
66716463,12308006,57945520,68888391
112549059,22360384,44226312,67792562
70339524,14641892,42422553,79644089
65867108,-12203392,38120444,52145940
95257716,11818388,44061434,51573847
121804837,10636676,44747977,78616176
109320748,21499098,35610017,72319304
93433129,22233608,36956926,55819222
103260223,11342319,41268457,62845615
104761458,14162444,43442859,59352012
112795678,8807836,43582879,72600819
82190852,37808687,65491002,68942852
96472795,9384162,4149056,95135628
54413894,12088935,1255385,53266069
60040434,13839692,40180715,72163559
122247045,8243632,39661359,86537917
79845358,-7575121,38747070,60869324
74512102,-8735382,40279068,55164274
75297015,6393671,25646995,55452307
100855570,7464443,60409671,72339301
93300475,13521232,31621720,60353465
62663020,-19363593,32439850,61782705
100431677,-2814545,35670067,79772248
117830892,31858527,63176405,96317924
66095863,-9332888,1125320,86499513
113091609,9363379,28308333,87615839
128989208,16381231,65068264,96214753
115957846,12717739,39291685,76144307
68336640,-5425760,5984078,79974215
84163860,15083762,30428833,50847534
107592775,-17665456,49241548,93038367
84537179,13443850,31155830,52133357
69026174,19237497,32913328,74516347
80582577,5257868,19360478,68160312
67356363,39194242,19308232,64352112
122834065,6734407,43820337,84475248
87121481,-2072069,21238049,80151535
91119265,11707886,5952030,85655247
70012346,19854444,7667945,59308315
86742056,-26169828,43056745,82050999
108016492,-446516,58676919,85679011
71643197,5845690,7819007,70174361
126985624,19007766,40626079,82476737
56652830,15864408,39684654,80816390
82288623,-4566914,38380023,60671382
101363277,12224074,10505374,90830017
56962744,22124656,54444663,95012490
54452441,-2459446,40498285,93294162
114031781,8406771,27885918,89934979
91573084,38338889,19086198,87935183
84752614,-9884823,7764487,99068823
97825453,7471515,36637641,65912208
102338191,35668039,28216009,86899704
115734164,4675095,41260031,81995148
129838263,15521762,40780044,85732333
80378663,-14530592,40624714,66480544
144101559,15786958,41518243,98992226
88802444,10477992,34356971,56163355
106097031,-2280487,40234913,80338613
94640135,25861904,41196828,56414704
82210525,12276824,26142386,55987689
67428904,-9335211,5157054,83802928
74220087,10295150,3574392,72546416
92252347,13806146,35998867,54643518
63314815,9773775,63911314,63054689
107782039,16037510,45140705,58800097
125159178,10768776,42611827,83974457
125646464,20380175,33142042,89994170
114975910,12868139,52558447,73204905
111509883,22426581,29162282,81883614
69084438,-19588757,32884211,67985151
76587556,-7842620,44560641,52065418
116611950,15156016,43465736,70186102
74688094,-2942297,33031569,56794725
67874037,-16801952,39085747,57786580
76153809,-1055866,27434966,61970648
105050942,11994993,45583732,59668086
75660756,24329307,26679390,50420318
75053597,-20285784,30068962,77466505
83270837,-10880143,45773612,60573224
105245796,19746409,50599700,59044245
106873634,26156949,41479445,68660629
98482551,-7822837,27889324,90612356
112386337,-7164148,36470064,95276714
73806448,5013740,24301268,56687410
71956596,-4525888,37216089,51462282
81663526,-14961281,44353094,64467568
71909742,-3876679,66526678,60851603
57469386,-5379904,42568531,53574402
90234333,-4314558,34155461,72589443
87492579,-935920,41257063,59367319
85432641,-17833501,40657748,74804287
115354116,-2747641,42349977,87948039
75036253,-19757191,18476427,88512887
115947341,12181595,50500100,72804392
97579361,13344802,11714782,84715886
107405334,14817891,37256602,67526844
81767522,-4096842,17333438,80726784
132464965,15049967,32423324,97187543
107712800,5796137,44583607,69528911
65081702,12565460,1893277,62818830
55687252,9289951,23612838,76490624
61230406,14041250,43637998,73560808
88183006,2256422,66392756,70857884
89262325,16486663,17308716,67662829
80281402,14991156,19352367,58133963
74137489,-3192036,25468441,64056951
119090910,6776906,43018044,81491858
64077642,-20975516,23600312,73648723
55686068,2899372,42833529,53094905
85168599,13977333,8197377,75189863
67437585,7110673,15152535,57370386
83786381,15398584,44120221,70359086
74952629,31264994,22805478,60521612
97719093,6450433,54761898,64569194
101084474,15152766,44754614,53372980
83704129,-21182063,43928564,73153792
57845206,16007487,55373358,86492770
60641402,12088171,41773347,86320193
78981650,-1563480,39310064,53430969
107413545,15917776,60802717,70837011
103249202,16249538,48670728,54209035
107243191,10426568,35267205,73745294
82206730,7111321,18935462,68355809
77823315,-16327413,54577142,67266401
56239588,6858623,9298960,52278346
61103240,7416862,33038423,50687434
88547788,-3124299,39932792,63935747
99993996,-3965330,32677250,83477955
75289019,-14506763,38167276,63824362
67133648,-10905502,36969138,53265889
76888801,-806322,21132566,68758412
88316941,-1185034,41669913,60027953
90926492,12965911,40032205,50124246
83640045,-5253588,50754465,58186709
107259769,-8790985,43737286,84509380
60189727,12248254,3764617,56372802
113032894,11202457,44755994,69270380
106958765,7146679,29873803,82134676
68301104,-11075484,59183845,57099172
53379207,-19761802,30081099,55255789
65639497,12394878,43357688,88982742
75104667,10505355,42671484,94443277
111114010,-11606005,44315608,90600325
136715068,12387209,40095050,96428698
104815984,4013639,30086496,82911772
121924304,-2951198,41781783,95289840
57520641,14518680,36296899,58086745
89708950,22523881,17517371,71824995
93376277,4454771,39695290,61422076
77092157,8365894,29882398,51039779
62736390,8003548,13161250,53767531
128425480,12214689,35426542,92980169
81439744,13829116,44591289,74018524
69465767,22314175,40816573,84937804
87812931,10089983,31156780,58762611
63611090,11445789,9713123,54648038
114696970,12796437,16351041,97745377
101053662,21133591,14742537,84554122
84338954,-8384377,16798716,88120471
82312770,16075221,24913205,53520335
135439992,7378789,43355056,96902249
127142908,19438495,44477371,79213718
83600862,4586697,22160287,69049911
131391695,11252198,48069601,86747765
126021126,1921038,41006906,95289039
56897553,28928284,45131994,84366983
109137632,9270234,14388846,97674795
102471967,10083825,67166422,78093127
101727004,10559019,3967888,99395953
64174971,-22133655,45281323,53223459
97938585,-8743183,37315197,81562639
88828959,4178829,34418779,62427221
61939283,3700837,10787557,59646764
101916937,2819392,60333448,77969538
108969207,784105,23612161,96768809
119501030,7523592,45671199,78502149
58652011,9614442,5118363,56115302
93172935,-1654488,39829204,67194335
75306609,-6856975,29153421,65206175
109048789,-1023228,30644117,91623930
86432943,2088937,37817546,58722433
90811479,14280089,9880596,78846773
79360125,12310596,26818526,52427061
105119734,539057,28993866,87782713
91854847,11541143,2083046,90426514
85583310,9002873,30968678,57807614
78283849,6154549,4486400,79838928
60807205,14320215,781033,57901829
102039698,-6794978,30536702,90493860
119249081,24740545,35865548,85233670
124656031,15635965,48288109,75847024
113235183,11382541,67460555,87851699
100948953,34818467,37853424,75023792
61374796,7756654,30346048,87423068
60323794,-6330100,20832724,58017370
89035180,8207495,40590490,52433053
66606018,-4047691,27076226,55773355
116833780,15407936,41275031,72346670
63160175,15102657,54052626,69939695
92583540,-15020440,54487635,80630270
108099753,11702126,40149014,68444519
111062660,15510670,48434727,62525223
77888562,-112016,26254689,63941932
94044803,11473572,56995751,58105558
58950487,-7439809,6445991,72140235
105001493,24564422,35895459,70779891
122197168,15709317,40362162,78321608
127314310,6034941,55129414,94947286
91956232,15144974,18983126,70024103
62348682,-10250809,64409919,55548299
63803736,12840257,42545708,72007388
65974886,-9879699,37113306,50937175
101643554,245620,24915959,88677837
94076556,13944972,66655558,65325923
90571163,6708581,38405083,57653399
108924448,9008958,42527403,69584123
112489760,11002697,43316842,70366163
74782466,-22514685,41433765,68059291
57393240,2959598,49888619,94109542
56727655,11548142,49405066,66874637
101097530,29756933,45560369,62403546
83933368,-11383776,17526352,89986704
74155241,13218881,43691277,74099436
68815482,-17831774,16757083,82086070
79135859,-2528973,6641734,87219004
101538929,22607432,32227592,69028666
68687036,-18201302,38882165,60202103
80680097,-25470765,42342815,76003918
79302358,5817613,24378614,61302131
45358002,1588805,19381866,50219379
87692398,1225685,44935051,53727647
107411687,15233879,41278682,63095026
74712764,-11421300,34412921,63917022
128141664,15028014,31796158,93513547
93383711,24299537,28961747,65831118
57145643,5660580,44650728,89711021
75708952,-11530344,55348542,61126407
94756071,-6719168,42291145,71380536
